MIN=0	0	0	-0.1	0	0	
MAX=15	30	10	13	30	5	
SCALE=5	10	5	5	10	1	
DEC=1	2	2	2	2	2	
DEF="Time" t / s	"Voltage" U_A1 / V	"Voltage" U_B1 / V	"Collector Current" I_A / nA	"Acceleration Voltage" U_2 / V	"Frequency" f / Hz	
0	0.345	0.01	0.01	3.45	NAN	
0.1	0.045	0.025	0.025	0.45	NAN	
0.2	0.06	0.035	0.035	0.6	NAN	
0.3	0.09	0.045	0.045	0.9	NAN	
0.4	0.105	0.055	0.055	1.05	NAN	
0.5	0.135	0.06	0.06	1.35	NAN	
0.718	0.195	0.045	0.045	1.95	NAN	
0.731	0.195	-0.055	-0.055	1.95	NAN	
0.8	0.21	0.07	0.07	2.1	NAN	
0.9	0.24	0.08	0.08	2.4	NAN	
1	0.27	0.09	0.09	2.7	NAN	
1.1	0.3	0.09	0.09	3	NAN	
1.2	0.33	0.13	0.13	3.3	NAN	
1.3	0.36	0.17	0.17	3.6	NAN	
1.4	0.375	0.23	0.23	3.75	NAN	
1.5	0.405	0.33	0.33	4.05	NAN	
1.6	0.435	0.47	0.47	4.35	NAN	
1.747	0.465	0.5	0.5	4.65	NAN	
1.8	0.48	0.99	0.99	4.8	NAN	
1.9	0.51	1.38	1.38	5.1	NAN	
2	0.54	1.555	1.555	5.4	NAN	
2.1	0.555	1.59	1.59	5.55	NAN	
2.2	0.585	1.37	1.37	5.85	NAN	
2.3	0.615	1	1	6.15	NAN	
2.4	0.645	0.675	0.675	6.45	NAN	
2.5	0.675	0.445	0.445	6.75	NAN	
2.6	0.69	0.295	0.295	6.9	NAN	
2.746	0.735	0.02	0.02	7.35	NAN	
2.8	0.75	0.225	0.225	7.5	NAN	
2.9	0.78	0.27	0.27	7.8	NAN	
3	0.81	0.325	0.325	8.1	NAN	
3.1	0.825	0.495	0.495	8.25	NAN	
3.2	0.855	0.82	0.82	8.55	NAN	
3.3	0.87	1.13	1.13	8.7	NAN	
3.4	0.9	1.47	1.47	9	NAN	
3.5	0.93	2.01	2.01	9.3	NAN	
3.6	0.96	2.52	2.52	9.6	NAN	
3.76	0.99	3.555	3.555	9.9	NAN	
3.8	1.005	3.74	3.74	10.05	NAN	
3.9	1.035	3.94	3.94	10.35	NAN	
4	1.065	3.52	3.52	10.65	NAN	
4.1	1.095	2.655	2.655	10.95	NAN	
4.2	1.125	1.785	1.785	11.25	NAN	
4.3	1.14	1.13	1.13	11.4	NAN	
4.4	1.155	0.705	0.705	11.55	NAN	
4.5	1.185	0.46	0.46	11.85	NAN	
4.6	1.215	0.365	0.365	12.15	NAN	
4.774	1.275	0.035	0.035	12.75	NAN	
4.8	1.275	0.535	0.535	12.75	NAN	
4.9	1.29	0.72	0.72	12.9	NAN	
5	1.32	1.11	1.11	13.2	NAN	
5.1	1.35	1.555	1.555	13.5	NAN	
5.2	1.38	2.05	2.05	13.8	NAN	
5.3	1.41	2.71	2.71	14.1	NAN	
5.4	1.425	3.56	3.56	14.25	NAN	
5.5	1.455	4.43	4.43	14.55	NAN	
5.6	1.485	5.305	5.305	14.85	NAN	
5.788	1.53	5.73	5.73	15.3	NAN	
5.801	1.53	6.08	6.08	15.3	NAN	
5.9	1.545	5.405	5.405	15.45	NAN	
6	1.575	4.235	4.235	15.75	NAN	
6.1	1.605	3.03	3.03	16.05	NAN	
6.2	1.635	2.015	2.015	16.35	NAN	
6.3	1.665	1.225	1.225	16.65	NAN	
6.4	1.68	0.825	0.825	16.8	NAN	
6.5	1.71	0.58	0.58	17.1	NAN	
6.6	1.74	0.655	0.655	17.4	NAN	
6.802	1.8	1.175	1.175	18	NAN	
6.817	1.8	0.845	0.845	18	NAN	
6.9	1.815	1.58	1.58	18.15	NAN	
7	1.83	2.11	2.11	18.3	NAN	
7.1	1.86	2.905	2.905	18.6	NAN	
7.2	1.89	3.79	3.79	18.9	NAN	
7.3	1.92	4.765	4.765	19.2	NAN	
7.4	1.935	5.945	5.945	19.35	NAN	
7.5	1.965	7.06	7.06	19.65	NAN	
7.6	1.995	7.935	7.935	19.95	NAN	
7.816	2.055	6.79	6.79	20.55	NAN	
7.829	2.055	6.97	6.97	20.55	NAN	
7.9	2.07	6.47	6.47	20.7	NAN	
8	2.1	5.135	5.135	21	NAN	
8.1	2.13	3.755	3.755	21.3	NAN	
8.2	2.16	2.545	2.545	21.6	NAN	
8.3	2.175	1.75	1.75	21.75	NAN	
8.4	2.19	1.43	1.43	21.9	NAN	
8.5	2.22	1.1	1.1	22.2	NAN	
8.6	2.25	1.23	1.23	22.5	NAN	
8.7	2.28	1.49	1.49	22.8	NAN	
8.845	2.325	2.23	2.23	23.25	NAN	
8.9	2.325	2.6	2.6	23.25	NAN	
9	2.355	3.51	3.51	23.55	NAN	
9.1	2.385	4.52	4.52	23.85	NAN	
9.2	2.415	5.635	5.635	24.15	NAN	
9.3	2.445	6.97	6.97	24.45	NAN	
9.4	2.46	8.35	8.35	24.6	NAN	
9.5	2.49	9.455	9.455	24.9	NAN	
9.6	2.505	10.065	10.065	25.05	NAN	
9.7	2.535	9.96	9.96	25.35	NAN	
9.844	2.565	8.665	8.665	25.65	NAN	
9.9	2.58	7.96	7.96	25.8	NAN	
10	2.61	6.48	6.48	26.1	NAN	
10.1	2.64	5.09	5.09	26.4	NAN	
10.2	2.67	3.93	3.93	26.7	NAN	
10.3	2.7	3.025	3.025	27	NAN	
10.4	2.715	2.555	2.555	27.15	NAN	
10.5	2.745	2.32	2.32	27.45	NAN	
10.6	2.775	2.36	2.36	27.75	NAN	
10.7	2.805	2.63	2.63	28.05	NAN	
10.858	2.835	3.365	3.365	28.35	NAN	
10.9	2.835	3.885	3.885	28.35	NAN	
11	2.865	5.02	5.02	28.65	NAN	
11.1	2.895	6.205	6.205	28.95	NAN	
11.2	2.925	7.525	7.525	29.25	NAN	
11.3	2.955	9.08	9.08	29.55	NAN	
11.4	2.97	10.245	10.245	29.7	NAN	
11.5	3	10.245	10.245	30	NAN	
11.6	3.03	10.245	10.245	30.3	NAN	
11.7	3.06	10.245	10.245	30.6	NAN	
11.871	3.09	9.45	9.45	30.9	NAN	
11.9	3.105	9.84	9.84	31.05	NAN	
12	3.135	8.51	8.51	31.35	NAN	
12.1	3.165	7.265	7.265	31.65	NAN	
12.2	3.18	5.965	5.965	31.8	NAN	
12.3	3.195	6.03	6.03	31.95	NAN	
12.4	3.195	6.035	6.035	31.95	NAN	
12.5	3.195	6.03	6.03	31.95	NAN	
12.6	3.195	5.895	5.895	31.95	NAN	
12.7	3.195	5.97	5.97	31.95	NAN	
12.885	3.195	5.91	5.91	31.95	NAN	
12.9	3.195	5.78	5.78	31.95	NAN	
13	3.195	5.765	5.765	31.95	NAN	
13.1	3.195	5.92	5.92	31.95	NAN	
13.2	3.195	5.9	5.9	31.95	NAN	
13.3	3.195	5.945	5.945	31.95	NAN	
13.4	3.195	5.97	5.97	31.95	NAN	
13.5	3.195	5.825	5.825	31.95	NAN	
13.6	3.195	5.64	5.64	31.95	NAN	
13.7	3.195	5.615	5.615	31.95	NAN	
13.899	3.195	5.76	5.76	31.95	NAN	
13.914	3.195	4.99	4.99	31.95	NAN	
14	3.195	5.785	5.785	31.95	NAN	
14.1	3.195	5.73	5.73	31.95	NAN	
14.2	3.195	5.71	5.71	31.95	NAN	
14.3	3.195	5.705	5.705	31.95	NAN	
14.4	3.195	5.725	5.725	31.95	NAN	
14.5	3.195	5.715	5.715	31.95	NAN	
14.6	3.195	5.5	5.5	31.95	NAN	
14.7	3.195	5.675	5.675	31.95	NAN	
14.913	3.195	5.02	5.02	31.95	NAN	
14.928	3.195	5.745	5.745	31.95	NAN	
15	3.195	5.6	5.6	31.95	NAN	
