MIN=0	0	0	-0.1	0	0	
MAX=15	30	10	13	30	5	
SCALE=5	10	5	5	10	1	
DEC=1	2	2	2	2	2	
DEF="Time" t / s	"Voltage" U_A1 / V	"Voltage" U_B1 / V	"Collector Current" I_A / nA	"Acceleration Voltage" U_2 / V	"Frequency" f / Hz	
0.3	0.06	-0.06	-0.06	0.6	NAN	
0.4	0.075	-0.055	-0.055	0.75	NAN	
0.5	0.09	-0.06	-0.06	0.9	NAN	
0.6	0.12	-0.065	-0.065	1.2	NAN	
0.7	0.15	-0.06	-0.06	1.5	NAN	
0.8	0.18	-0.06	-0.06	1.8	NAN	
0.952	0.225	0.225	0.225	2.25	NAN	
1	0.24	-0.06	-0.06	2.4	NAN	
1.1	0.27	-0.06	-0.06	2.7	NAN	
1.2	0.285	-0.06	-0.06	2.85	NAN	
1.3	0.315	-0.06	-0.06	3.15	NAN	
1.4	0.345	-0.055	-0.055	3.45	NAN	
1.5	0.375	-0.05	-0.05	3.75	NAN	
1.6	0.39	-0.015	-0.015	3.9	NAN	
1.7	0.42	-0.045	-0.045	4.2	NAN	
1.8	0.45	0.01	0.01	4.5	NAN	
1.966	0.495	0.445	0.445	4.95	NAN	
2	0.495	0.15	0.15	4.95	NAN	
2.1	0.525	0.435	0.435	5.25	NAN	
2.2	0.555	0.415	0.415	5.55	NAN	
2.3	0.585	0.335	0.335	5.85	NAN	
2.4	0.6	0.29	0.29	6	NAN	
2.5	0.63	0.035	0.035	6.3	NAN	
2.6	0.66	0.055	0.055	6.6	NAN	
2.7	0.69	0.02	0.02	6.9	NAN	
2.8	0.72	0	0	7.2	NAN	
2.964	0.75	-0.045	-0.045	7.5	NAN	
3	0.75	-0.045	-0.045	7.5	NAN	
3.1	0.78	-0.025	-0.025	7.8	NAN	
3.2	0.81	0.005	0.005	8.1	NAN	
3.3	0.84	0.055	0.055	8.4	NAN	
3.4	0.87	0.08	0.08	8.7	NAN	
3.5	0.885	0.365	0.365	8.85	NAN	
3.6	0.915	0.49	0.49	9.15	NAN	
3.7	0.945	0.93	0.93	9.45	NAN	
3.8	0.975	1.25	1.25	9.75	NAN	
3.978	1.02	1.91	1.91	10.2	NAN	
4	1.035	1.945	1.945	10.35	NAN	
4.1	1.05	1.93	1.93	10.5	NAN	
4.2	1.065	1.555	1.555	10.65	NAN	
4.3	1.095	0.785	0.785	10.95	NAN	
4.4	1.125	0.51	0.51	11.25	NAN	
4.5	1.155	0.105	0.105	11.55	NAN	
4.6	1.17	0.015	0.015	11.7	NAN	
4.7	1.2	0.025	0.025	12	NAN	
4.8	1.23	0.01	0.01	12.3	NAN	
5.008	1.29	0.31	0.31	12.9	NAN	
5.024	1.29	0.06	0.06	12.9	NAN	
5.1	1.305	0.2	0.2	13.05	NAN	
5.2	1.335	0.405	0.405	13.35	NAN	
5.3	1.365	0.69	0.69	13.65	NAN	
5.4	1.395	1.135	1.135	13.95	NAN	
5.5	1.425	1.23	1.23	14.25	NAN	
5.6	1.44	1.805	1.805	14.4	NAN	
5.7	1.455	2.325	2.325	14.55	NAN	
5.8	1.485	2.81	2.81	14.85	NAN	
6.006	1.545	2.82	2.82	15.45	NAN	
6.019	1.56	2.72	2.72	15.6	NAN	
6.1	1.575	2.53	2.53	15.75	NAN	
6.2	1.59	1.96	1.96	15.9	NAN	
6.3	1.62	1.075	1.075	16.2	NAN	
6.4	1.65	0.7	0.7	16.5	NAN	
6.5	1.68	0.26	0.26	16.8	NAN	
6.6	1.71	0.205	0.205	17.1	NAN	
6.7	1.725	0.07	0.07	17.25	NAN	
6.8	1.755	0.04	0.04	17.55	NAN	
7.036	1.815	0.95	0.95	18.15	NAN	
7.05	1.815	1.04	1.04	18.15	NAN	
7.1	1.83	0.585	0.585	18.3	NAN	
7.2	1.845	1.08	1.08	18.45	NAN	
7.3	1.875	1.67	1.67	18.75	NAN	
7.4	1.905	2.22	2.22	19.05	NAN	
7.5	1.935	2.845	2.845	19.35	NAN	
7.6	1.95	3.54	3.54	19.5	NAN	
7.7	1.98	4.175	4.175	19.8	NAN	
7.8	2.01	4.43	4.43	20.1	NAN	
7.9	2.04	4.255	4.255	20.4	NAN	
8.05	2.085	4.12	4.12	20.85	NAN	
8.1	2.085	2.965	2.965	20.85	NAN	
8.2	2.1	2.295	2.295	21	NAN	
8.3	2.13	1.58	1.58	21.3	NAN	
8.4	2.16	1.215	1.215	21.6	NAN	
8.5	2.19	0.85	0.85	21.9	NAN	
8.6	2.22	0.755	0.755	22.2	NAN	
8.7	2.235	0.59	0.59	22.35	NAN	
8.8	2.265	0.745	0.745	22.65	NAN	
8.9	2.295	0.74	0.74	22.95	NAN	
9.064	2.34	0.97	0.97	23.4	NAN	
9.1	2.34	1.505	1.505	23.4	NAN	
9.2	2.37	2.055	2.055	23.7	NAN	
9.3	2.4	2.6	2.6	24	NAN	
9.4	2.43	3.13	3.13	24.3	NAN	
9.5	2.445	4.18	4.18	24.45	NAN	
9.6	2.475	5.095	5.095	24.75	NAN	
9.7	2.49	5.78	5.78	24.9	NAN	
9.8	2.52	5.995	5.995	25.2	NAN	
9.9	2.55	5.655	5.655	25.5	NAN	
10.062	2.595	4.485	4.485	25.95	NAN	
10.1	2.595	4.44	4.44	25.95	NAN	
10.2	2.625	3.29	3.29	26.25	NAN	
10.3	2.655	2.52	2.52	26.55	NAN	
10.4	2.685	2.065	2.065	26.85	NAN	
10.5	2.715	1.505	1.505	27.15	NAN	
10.6	2.73	1.42	1.42	27.3	NAN	
10.7	2.745	1.285	1.285	27.45	NAN	
10.8	2.775	1.34	1.34	27.75	NAN	
10.9	2.805	1.675	1.675	28.05	NAN	
11.076	2.85	2.72	2.72	28.5	NAN	
11.1	2.85	2.48	2.48	28.5	NAN	
11.2	2.88	3.15	3.15	28.8	NAN	
11.3	2.91	3.88	3.88	29.1	NAN	
11.4	2.94	4.83	4.83	29.4	NAN	
11.5	2.97	5.77	5.77	29.7	NAN	
11.6	2.985	6.57	6.57	29.85	NAN	
11.7	3.015	7.12	7.12	30.15	NAN	
11.8	3.045	7.305	7.305	30.45	NAN	
11.9	3.075	7.36	7.36	30.75	NAN	
12.09	3.105	6.1	6.1	31.05	NAN	
12.103	3.105	5.595	5.595	31.05	NAN	
12.2	3.135	5.1	5.1	31.35	NAN	
12.3	3.165	4.315	4.315	31.65	NAN	
12.4	3.195	4.02	4.02	31.95	NAN	